parser.add_argument('-filter-sizes', type=str, default='2,3', help='不同卷积核大小')
parser.add_argument('-filter-num', type=int, default=100, help='卷积核的个数')
************************* 第 1 折 *************************
(34933, 2)
加载数据中...
31440it [00:00, 208906.88it/s]
3493it [00:00, 267636.76it/s]
5723it [00:00, 67899.79it/s]
defaultdict(<bound method Vocab._default_unk_index of <torchtext.vocab.Vocab object at 0x0000012B9EF8B848>>, {'<unk>': 0, '<pad>': 1, 'SDFFSRX1': 2, 'INVX1': 3, 'AOI22X1': 4, 'NOR2X1': 5, 'NAND4X1': 6, 'AND2X1': 7, 'OAI21X1': 8, 'NAND2X1': 9, 'AOI21X1': 10, 'XOR2X1': 11, 'NAND3X1': 12, 'OR4X1': 13, 'MX2X1': 14, 'OR2X1': 15, 'BUFX1': 16})
加载的词向量: tensor([[ 0.0000,  0.0000,  0.0000,  ...,  0.0000,  0.0000,  0.0000],
        [ 0.0000,  0.0000,  0.0000,  ...,  0.0000,  0.0000,  0.0000],
        [-0.2086,  0.2744,  0.2504,  ...,  0.0760,  0.4930,  0.0213],
        ...,
        [-0.4939,  0.7730,  0.4277,  ..., -0.1256,  0.0628,  0.1241],
        [ 0.0499, -0.2301, -0.1068,  ..., -0.0172,  0.1143, -0.0607],
        [ 0.0869, -0.9042, -0.0584,  ...,  0.2504,  0.1723,  0.0076]]) torch.Size([17, 100])
数据处理完成
************************* Epoch: 1 *************************

Evaluation - loss: 0.084239  acc: 97.2230%(3396/3493)

Saving best model, acc: 97.2230%

第 1 个epoch耗时：3.0501s
************************* Epoch: 2 *************************

Evaluation - loss: 0.058086  acc: 98.3109%(3434/3493)

Saving best model, acc: 98.3109%

第 2 个epoch耗时：1.1889s
************************* Epoch: 3 *************************

Evaluation - loss: 0.049662  acc: 98.5113%(3441/3493)

Saving best model, acc: 98.5113%

第 3 个epoch耗时：1.1819s
************************* Epoch: 4 *************************

Evaluation - loss: 0.041135  acc: 98.6545%(3446/3493)

Saving best model, acc: 98.6545%

第 4 个epoch耗时：1.1859s
************************* Epoch: 5 *************************

Evaluation - loss: 0.041893  acc: 98.4254%(3438/3493)

第 5 个epoch耗时：1.1819s
************************* Epoch: 6 *************************

Evaluation - loss: 0.045151  acc: 98.1678%(3429/3493)

第 6 个epoch耗时：1.1859s
************************* Epoch: 7 *************************

Evaluation - loss: 0.035454  acc: 98.6258%(3445/3493)

第 7 个epoch耗时：1.1779s
************************* Epoch: 8 *************************

Evaluation - loss: 0.030308  acc: 98.8549%(3453/3493)

Saving best model, acc: 98.8549%

第 8 个epoch耗时：1.1849s
************************* Epoch: 9 *************************

Evaluation - loss: 0.034817  acc: 98.4827%(3440/3493)

第 9 个epoch耗时：1.1779s
************************* Epoch: 10 *************************

Evaluation - loss: 0.028199  acc: 98.8262%(3452/3493)

第 10 个epoch耗时：1.1849s

test - loss: 0.098769  acc: 97.3965%(5574/5723)

第 1 折耗时：15.9769s
test_acc:97.3965%
test_loss:0.0988

************************* 第 2 折 *************************
(34933, 2)
加载数据中...
31440it [00:00, 157461.06it/s]
3493it [00:00, 232097.71it/s]
5723it [00:00, 228157.57it/s]
defaultdict(<bound method Vocab._default_unk_index of <torchtext.vocab.Vocab object at 0x0000012C8031A088>>, {'<unk>': 0, '<pad>': 1, 'SDFFSRX1': 2, 'INVX1': 3, 'AOI22X1': 4, 'NOR2X1': 5, 'NAND4X1': 6, 'AND2X1': 7, 'NAND2X1': 8, 'OAI21X1': 9, 'AOI21X1': 10, 'XOR2X1': 11, 'NAND3X1': 12, 'OR4X1': 13, 'MX2X1': 14, 'OR2X1': 15, 'BUFX1': 16})
加载的词向量: tensor([[ 0.0000,  0.0000,  0.0000,  ...,  0.0000,  0.0000,  0.0000],
        [ 0.0000,  0.0000,  0.0000,  ...,  0.0000,  0.0000,  0.0000],
        [-0.2086,  0.2744,  0.2504,  ...,  0.0760,  0.4930,  0.0213],
        ...,
        [-0.4939,  0.7730,  0.4277,  ..., -0.1256,  0.0628,  0.1241],
        [ 0.0499, -0.2301, -0.1068,  ..., -0.0172,  0.1143, -0.0607],
        [ 0.0869, -0.9042, -0.0584,  ...,  0.2504,  0.1723,  0.0076]]) torch.Size([17, 100])
数据处理完成
************************* Epoch: 1 *************************

Evaluation - loss: 0.092505  acc: 97.0226%(3389/3493)

Saving best model, acc: 97.0226%

第 1 个epoch耗时：1.1970s
************************* Epoch: 2 *************************

Evaluation - loss: 0.061615  acc: 97.8528%(3418/3493)

Saving best model, acc: 97.8528%

第 2 个epoch耗时：1.2030s
************************* Epoch: 3 *************************

Evaluation - loss: 0.052271  acc: 98.1678%(3429/3493)

Saving best model, acc: 98.1678%

第 3 个epoch耗时：1.1899s
************************* Epoch: 4 *************************

Evaluation - loss: 0.052923  acc: 97.9674%(3422/3493)

第 4 个epoch耗时：1.2100s
************************* Epoch: 5 *************************

Evaluation - loss: 0.049364  acc: 98.0246%(3424/3493)

第 5 个epoch耗时：1.1919s
************************* Epoch: 6 *************************

Evaluation - loss: 0.050274  acc: 98.2823%(3433/3493)

Saving best model, acc: 98.2823%

第 6 个epoch耗时：1.2702s
************************* Epoch: 7 *************************

Evaluation - loss: 0.044741  acc: 98.3395%(3435/3493)

Saving best model, acc: 98.3395%

第 7 个epoch耗时：1.1879s
************************* Epoch: 8 *************************

Evaluation - loss: 0.048183  acc: 98.2823%(3433/3493)

第 8 个epoch耗时：1.2070s
************************* Epoch: 9 *************************

Evaluation - loss: 0.048078  acc: 98.2823%(3433/3493)

第 9 个epoch耗时：1.1960s
************************* Epoch: 10 *************************

Evaluation - loss: 0.043773  acc: 98.5113%(3441/3493)

Saving best model, acc: 98.5113%

第 10 个epoch耗时：1.2251s

test - loss: 0.099330  acc: 97.6586%(5589/5723)

第 2 折耗时：12.5415s
test_acc:97.6586%
test_loss:0.0993

************************* 第 3 折 *************************
(34933, 2)
加载数据中...
31440it [00:00, 157465.58it/s]
3493it [00:00, 267822.68it/s]
5723it [00:00, 259177.70it/s]
defaultdict(<bound method Vocab._default_unk_index of <torchtext.vocab.Vocab object at 0x0000012BA0C79088>>, {'<unk>': 0, '<pad>': 1, 'SDFFSRX1': 2, 'INVX1': 3, 'AOI22X1': 4, 'NOR2X1': 5, 'NAND4X1': 6, 'AND2X1': 7, 'OAI21X1': 8, 'NAND2X1': 9, 'AOI21X1': 10, 'XOR2X1': 11, 'NAND3X1': 12, 'OR4X1': 13, 'MX2X1': 14, 'OR2X1': 15, 'BUFX1': 16})
加载的词向量: tensor([[ 0.0000,  0.0000,  0.0000,  ...,  0.0000,  0.0000,  0.0000],
        [ 0.0000,  0.0000,  0.0000,  ...,  0.0000,  0.0000,  0.0000],
        [-0.2086,  0.2744,  0.2504,  ...,  0.0760,  0.4930,  0.0213],
        ...,
        [-0.4939,  0.7730,  0.4277,  ..., -0.1256,  0.0628,  0.1241],
        [ 0.0499, -0.2301, -0.1068,  ..., -0.0172,  0.1143, -0.0607],
        [ 0.0869, -0.9042, -0.0584,  ...,  0.2504,  0.1723,  0.0076]]) torch.Size([17, 100])
数据处理完成
************************* Epoch: 1 *************************

Evaluation - loss: 0.090487  acc: 96.8795%(3384/3493)

Saving best model, acc: 96.8795%

第 1 个epoch耗时：1.3776s
************************* Epoch: 2 *************************

Evaluation - loss: 0.060061  acc: 97.7670%(3415/3493)

Saving best model, acc: 97.7670%

第 2 个epoch耗时：1.3133s
************************* Epoch: 3 *************************

Evaluation - loss: 0.051996  acc: 97.9674%(3422/3493)

Saving best model, acc: 97.9674%

第 3 个epoch耗时：1.2220s
************************* Epoch: 4 *************************

Evaluation - loss: 0.047392  acc: 98.0246%(3424/3493)

Saving best model, acc: 98.0246%

第 4 个epoch耗时：1.2090s
************************* Epoch: 5 *************************

Evaluation - loss: 0.047196  acc: 98.0532%(3425/3493)

Saving best model, acc: 98.0532%

第 5 个epoch耗时：1.2301s
************************* Epoch: 6 *************************

Evaluation - loss: 0.046483  acc: 97.7097%(3413/3493)

第 6 个epoch耗时：1.2321s
************************* Epoch: 7 *************************

Evaluation - loss: 0.045229  acc: 98.0532%(3425/3493)

第 7 个epoch耗时：1.2491s
************************* Epoch: 8 *************************

Evaluation - loss: 0.047104  acc: 98.0246%(3424/3493)

第 8 个epoch耗时：1.2451s
************************* Epoch: 9 *************************

Evaluation - loss: 0.045274  acc: 98.0246%(3424/3493)

第 9 个epoch耗时：1.2241s
************************* Epoch: 10 *************************

Evaluation - loss: 0.043392  acc: 98.1391%(3428/3493)

Saving best model, acc: 98.1391%

第 10 个epoch耗时：1.2010s

test - loss: 0.097374  acc: 97.6411%(5588/5723)

第 3 折耗时：12.9579s
test_acc:97.6411%
test_loss:0.0974

************************* 第 4 折 *************************
(34933, 2)
加载数据中...
31440it [00:00, 171235.21it/s]
3493it [00:00, 217595.48it/s]
5723it [00:00, 50031.37it/s]
defaultdict(<bound method Vocab._default_unk_index of <torchtext.vocab.Vocab object at 0x0000012C802EF9C8>>, {'<unk>': 0, '<pad>': 1, 'SDFFSRX1': 2, 'INVX1': 3, 'AOI22X1': 4, 'NOR2X1': 5, 'NAND4X1': 6, 'AND2X1': 7, 'NAND2X1': 8, 'OAI21X1': 9, 'AOI21X1': 10, 'XOR2X1': 11, 'NAND3X1': 12, 'OR4X1': 13, 'MX2X1': 14, 'OR2X1': 15, 'BUFX1': 16})
加载的词向量: tensor([[ 0.0000,  0.0000,  0.0000,  ...,  0.0000,  0.0000,  0.0000],
        [ 0.0000,  0.0000,  0.0000,  ...,  0.0000,  0.0000,  0.0000],
        [-0.2086,  0.2744,  0.2504,  ...,  0.0760,  0.4930,  0.0213],
        ...,
        [-0.4939,  0.7730,  0.4277,  ..., -0.1256,  0.0628,  0.1241],
        [ 0.0499, -0.2301, -0.1068,  ..., -0.0172,  0.1143, -0.0607],
        [ 0.0869, -0.9042, -0.0584,  ...,  0.2504,  0.1723,  0.0076]]) torch.Size([17, 100])
数据处理完成
************************* Epoch: 1 *************************

Evaluation - loss: 0.125464  acc: 96.5073%(3371/3493)

Saving best model, acc: 96.5073%

第 1 个epoch耗时：1.2230s
************************* Epoch: 2 *************************

Evaluation - loss: 0.089420  acc: 97.4520%(3404/3493)

Saving best model, acc: 97.4520%

第 2 个epoch耗时：1.2251s
************************* Epoch: 3 *************************

Evaluation - loss: 0.076176  acc: 97.5666%(3408/3493)

Saving best model, acc: 97.5666%

第 3 个epoch耗时：1.2933s
************************* Epoch: 4 *************************

Evaluation - loss: 0.074490  acc: 97.4807%(3405/3493)

第 4 个epoch耗时：1.3976s
************************* Epoch: 5 *************************

Evaluation - loss: 0.068722  acc: 97.8528%(3418/3493)

Saving best model, acc: 97.8528%

第 5 个epoch耗时：1.2361s
************************* Epoch: 6 *************************

Evaluation - loss: 0.068265  acc: 97.8815%(3419/3493)

Saving best model, acc: 97.8815%

第 6 个epoch耗时：1.2351s
************************* Epoch: 7 *************************

Evaluation - loss: 0.070580  acc: 97.7383%(3414/3493)

第 7 个epoch耗时：1.2190s
************************* Epoch: 8 *************************

Evaluation - loss: 0.064108  acc: 97.9387%(3421/3493)

Saving best model, acc: 97.9387%

第 8 个epoch耗时：1.2933s
************************* Epoch: 9 *************************

Evaluation - loss: 0.065313  acc: 97.9960%(3423/3493)

Saving best model, acc: 97.9960%

第 9 个epoch耗时：1.2431s
************************* Epoch: 10 *************************

Evaluation - loss: 0.069007  acc: 97.9960%(3423/3493)

第 10 个epoch耗时：1.2140s

test - loss: 0.098653  acc: 97.5363%(5582/5723)

第 4 折耗时：13.1024s
test_acc:97.5363%
test_loss:0.0987

************************* 第 5 折 *************************
(34933, 2)
加载数据中...
31440it [00:00, 157460.31it/s]
3493it [00:00, 267994.14it/s]
5723it [00:00, 271520.05it/s]
defaultdict(<bound method Vocab._default_unk_index of <torchtext.vocab.Vocab object at 0x0000012BA0C410C8>>, {'<unk>': 0, '<pad>': 1, 'SDFFSRX1': 2, 'INVX1': 3, 'AOI22X1': 4, 'NOR2X1': 5, 'NAND4X1': 6, 'AND2X1': 7, 'OAI21X1': 8, 'NAND2X1': 9, 'AOI21X1': 10, 'XOR2X1': 11, 'NAND3X1': 12, 'OR4X1': 13, 'MX2X1': 14, 'OR2X1': 15, 'BUFX1': 16})
加载的词向量: tensor([[ 0.0000,  0.0000,  0.0000,  ...,  0.0000,  0.0000,  0.0000],
        [ 0.0000,  0.0000,  0.0000,  ...,  0.0000,  0.0000,  0.0000],
        [-0.2086,  0.2744,  0.2504,  ...,  0.0760,  0.4930,  0.0213],
        ...,
        [-0.4939,  0.7730,  0.4277,  ..., -0.1256,  0.0628,  0.1241],
        [ 0.0499, -0.2301, -0.1068,  ..., -0.0172,  0.1143, -0.0607],
        [ 0.0869, -0.9042, -0.0584,  ...,  0.2504,  0.1723,  0.0076]]) torch.Size([17, 100])
数据处理完成
************************* Epoch: 1 *************************

Evaluation - loss: 0.116655  acc: 96.4500%(3369/3493)

Saving best model, acc: 96.4500%

第 1 个epoch耗时：1.2030s
************************* Epoch: 2 *************************

Evaluation - loss: 0.107236  acc: 96.7650%(3380/3493)

Saving best model, acc: 96.7650%

第 2 个epoch耗时：1.2030s
************************* Epoch: 3 *************************

Evaluation - loss: 0.094982  acc: 97.5093%(3406/3493)

Saving best model, acc: 97.5093%

第 3 个epoch耗时：1.2160s
************************* Epoch: 4 *************************

Evaluation - loss: 0.096998  acc: 97.0512%(3390/3493)

第 4 个epoch耗时：1.1950s
************************* Epoch: 5 *************************

Evaluation - loss: 0.089217  acc: 97.8242%(3417/3493)

Saving best model, acc: 97.8242%

第 5 个epoch耗时：1.2020s
************************* Epoch: 6 *************************

Evaluation - loss: 0.089038  acc: 97.7383%(3414/3493)

第 6 个epoch耗时：1.1930s
************************* Epoch: 7 *************************

Evaluation - loss: 0.084913  acc: 97.8242%(3417/3493)

第 7 个epoch耗时：1.1940s
************************* Epoch: 8 *************************

Evaluation - loss: 0.091243  acc: 97.3375%(3400/3493)

第 8 个epoch耗时：1.2010s
************************* Epoch: 9 *************************

Evaluation - loss: 0.093646  acc: 96.6218%(3375/3493)

第 9 个epoch耗时：1.1940s
************************* Epoch: 10 *************************

Evaluation - loss: 0.085439  acc: 97.4234%(3403/3493)

第 10 个epoch耗时：1.2020s

test - loss: 0.096403  acc: 97.7809%(5596/5723)

第 5 折耗时：12.4512s
test_acc:97.7809%
test_loss:0.0964

************************* 第 6 折 *************************
(34933, 2)
加载数据中...
31440it [00:00, 159072.17it/s]
3493it [00:00, 267612.32it/s]
5723it [00:00, 247906.08it/s]
defaultdict(<bound method Vocab._default_unk_index of <torchtext.vocab.Vocab object at 0x0000012C802BA2C8>>, {'<unk>': 0, '<pad>': 1, 'SDFFSRX1': 2, 'INVX1': 3, 'AOI22X1': 4, 'NOR2X1': 5, 'NAND4X1': 6, 'AND2X1': 7, 'OAI21X1': 8, 'NAND2X1': 9, 'AOI21X1': 10, 'XOR2X1': 11, 'NAND3X1': 12, 'OR4X1': 13, 'MX2X1': 14, 'OR2X1': 15, 'BUFX1': 16})
加载的词向量: tensor([[ 0.0000,  0.0000,  0.0000,  ...,  0.0000,  0.0000,  0.0000],
        [ 0.0000,  0.0000,  0.0000,  ...,  0.0000,  0.0000,  0.0000],
        [-0.2086,  0.2744,  0.2504,  ...,  0.0760,  0.4930,  0.0213],
        ...,
        [-0.4939,  0.7730,  0.4277,  ..., -0.1256,  0.0628,  0.1241],
        [ 0.0499, -0.2301, -0.1068,  ..., -0.0172,  0.1143, -0.0607],
        [ 0.0869, -0.9042, -0.0584,  ...,  0.2504,  0.1723,  0.0076]]) torch.Size([17, 100])
数据处理完成
************************* Epoch: 1 *************************

Evaluation - loss: 0.078152  acc: 97.4807%(3405/3493)

Saving best model, acc: 97.4807%

第 1 个epoch耗时：1.2170s
************************* Epoch: 2 *************************

Evaluation - loss: 0.053536  acc: 98.3109%(3434/3493)

Saving best model, acc: 98.3109%

第 2 个epoch耗时：1.2090s
************************* Epoch: 3 *************************

Evaluation - loss: 0.038773  acc: 98.7403%(3449/3493)

Saving best model, acc: 98.7403%

第 3 个epoch耗时：1.2010s
************************* Epoch: 4 *************************

Evaluation - loss: 0.036112  acc: 98.8549%(3453/3493)

Saving best model, acc: 98.8549%

第 4 个epoch耗时：1.2130s
************************* Epoch: 5 *************************

Evaluation - loss: 0.030246  acc: 99.1411%(3463/3493)

Saving best model, acc: 99.1411%

第 5 个epoch耗时：1.2130s
************************* Epoch: 6 *************************

Evaluation - loss: 0.030444  acc: 99.3129%(3469/3493)

Saving best model, acc: 99.3129%

第 6 个epoch耗时：1.2160s
************************* Epoch: 7 *************************

Evaluation - loss: 0.027516  acc: 99.1984%(3465/3493)

第 7 个epoch耗时：1.2000s
************************* Epoch: 8 *************************

Evaluation - loss: 0.027136  acc: 98.9121%(3455/3493)

第 8 个epoch耗时：1.2832s
************************* Epoch: 9 *************************

Evaluation - loss: 0.027201  acc: 99.1984%(3465/3493)

第 9 个epoch耗时：1.2020s
************************* Epoch: 10 *************************

Evaluation - loss: 0.034991  acc: 98.2537%(3432/3493)

第 10 个epoch耗时：1.1849s

test - loss: 0.101314  acc: 97.3790%(5573/5723)

第 6 折耗时：12.5897s
test_acc:97.3790%
test_loss:0.1013

************************* 第 7 折 *************************
(34933, 2)
加载数据中...
31440it [00:00, 165791.52it/s]
3493it [00:00, 267847.16it/s]
5723it [00:00, 271636.81it/s]
defaultdict(<bound method Vocab._default_unk_index of <torchtext.vocab.Vocab object at 0x0000012BA0C0B148>>, {'<unk>': 0, '<pad>': 1, 'SDFFSRX1': 2, 'INVX1': 3, 'AOI22X1': 4, 'NOR2X1': 5, 'NAND4X1': 6, 'AND2X1': 7, 'NAND2X1': 8, 'OAI21X1': 9, 'AOI21X1': 10, 'XOR2X1': 11, 'NAND3X1': 12, 'OR4X1': 13, 'OR2X1': 14, 'MX2X1': 15, 'BUFX1': 16})
加载的词向量: tensor([[ 0.0000,  0.0000,  0.0000,  ...,  0.0000,  0.0000,  0.0000],
        [ 0.0000,  0.0000,  0.0000,  ...,  0.0000,  0.0000,  0.0000],
        [-0.2086,  0.2744,  0.2504,  ...,  0.0760,  0.4930,  0.0213],
        ...,
        [ 0.0499, -0.2301, -0.1068,  ..., -0.0172,  0.1143, -0.0607],
        [-0.4939,  0.7730,  0.4277,  ..., -0.1256,  0.0628,  0.1241],
        [ 0.0869, -0.9042, -0.0584,  ...,  0.2504,  0.1723,  0.0076]]) torch.Size([17, 100])
数据处理完成
************************* Epoch: 1 *************************

Evaluation - loss: 0.059328  acc: 97.8242%(3417/3493)

Saving best model, acc: 97.8242%

第 1 个epoch耗时：1.1990s
************************* Epoch: 2 *************************

Evaluation - loss: 0.040502  acc: 98.6831%(3447/3493)

Saving best model, acc: 98.6831%

第 2 个epoch耗时：1.2060s
************************* Epoch: 3 *************************

Evaluation - loss: 0.032486  acc: 98.6545%(3446/3493)

第 3 个epoch耗时：1.1970s
************************* Epoch: 4 *************************

Evaluation - loss: 0.033805  acc: 98.7117%(3448/3493)

Saving best model, acc: 98.7117%

第 4 个epoch耗时：1.2120s
************************* Epoch: 5 *************************

Evaluation - loss: 0.028841  acc: 98.7117%(3448/3493)

第 5 个epoch耗时：1.1929s
************************* Epoch: 6 *************************

Evaluation - loss: 0.029300  acc: 98.6545%(3446/3493)

第 6 个epoch耗时：1.2040s
************************* Epoch: 7 *************************

Evaluation - loss: 0.028522  acc: 98.7403%(3449/3493)

Saving best model, acc: 98.7403%

第 7 个epoch耗时：1.1940s
************************* Epoch: 8 *************************

Evaluation - loss: 0.024479  acc: 98.9980%(3458/3493)

Saving best model, acc: 98.9980%

第 8 个epoch耗时：1.2000s
************************* Epoch: 9 *************************

Evaluation - loss: 0.027336  acc: 98.7403%(3449/3493)

第 9 个epoch耗时：1.1879s
************************* Epoch: 10 *************************

Evaluation - loss: 0.025656  acc: 98.9407%(3456/3493)

第 10 个epoch耗时：1.1929s

test - loss: 0.094355  acc: 97.7459%(5594/5723)

第 7 折耗时：12.4281s
test_acc:97.7459%
test_loss:0.0944

************************* 第 8 折 *************************
(34933, 2)
加载数据中...
31440it [00:00, 167571.54it/s]
3493it [00:00, 267827.57it/s]
5723it [00:00, 48748.49it/s]
defaultdict(<bound method Vocab._default_unk_index of <torchtext.vocab.Vocab object at 0x0000012C802428C8>>, {'<unk>': 0, '<pad>': 1, 'SDFFSRX1': 2, 'INVX1': 3, 'AOI22X1': 4, 'NOR2X1': 5, 'NAND4X1': 6, 'AND2X1': 7, 'OAI21X1': 8, 'NAND2X1': 9, 'AOI21X1': 10, 'XOR2X1': 11, 'NAND3X1': 12, 'OR4X1': 13, 'MX2X1': 14, 'OR2X1': 15, 'BUFX1': 16})
加载的词向量: tensor([[ 0.0000,  0.0000,  0.0000,  ...,  0.0000,  0.0000,  0.0000],
        [ 0.0000,  0.0000,  0.0000,  ...,  0.0000,  0.0000,  0.0000],
        [-0.2086,  0.2744,  0.2504,  ...,  0.0760,  0.4930,  0.0213],
        ...,
        [-0.4939,  0.7730,  0.4277,  ..., -0.1256,  0.0628,  0.1241],
        [ 0.0499, -0.2301, -0.1068,  ..., -0.0172,  0.1143, -0.0607],
        [ 0.0869, -0.9042, -0.0584,  ...,  0.2504,  0.1723,  0.0076]]) torch.Size([17, 100])
数据处理完成
************************* Epoch: 1 *************************

Evaluation - loss: 0.099433  acc: 96.2210%(3361/3493)

Saving best model, acc: 96.2210%

第 1 个epoch耗时：1.2070s
************************* Epoch: 2 *************************

Evaluation - loss: 0.080444  acc: 96.4787%(3370/3493)

Saving best model, acc: 96.4787%

第 2 个epoch耗时：1.2070s
************************* Epoch: 3 *************************

Evaluation - loss: 0.062754  acc: 97.8528%(3418/3493)

Saving best model, acc: 97.8528%

第 3 个epoch耗时：1.2020s
************************* Epoch: 4 *************************

Evaluation - loss: 0.056127  acc: 97.7383%(3414/3493)

第 4 个epoch耗时：1.2110s
************************* Epoch: 5 *************************

Evaluation - loss: 0.052449  acc: 98.2250%(3431/3493)

Saving best model, acc: 98.2250%

第 5 个epoch耗时：1.1980s
************************* Epoch: 6 *************************

Evaluation - loss: 0.051673  acc: 97.9960%(3423/3493)

第 6 个epoch耗时：1.2070s
************************* Epoch: 7 *************************

Evaluation - loss: 0.051065  acc: 98.1678%(3429/3493)

第 7 个epoch耗时：1.1940s
************************* Epoch: 8 *************************

Evaluation - loss: 0.049917  acc: 98.1391%(3428/3493)

第 8 个epoch耗时：1.2050s
************************* Epoch: 9 *************************

Evaluation - loss: 0.049637  acc: 97.9960%(3423/3493)

第 9 个epoch耗时：1.1889s
************************* Epoch: 10 *************************

Evaluation - loss: 0.059728  acc: 97.4520%(3404/3493)

第 10 个epoch耗时：1.2130s

test - loss: 0.106429  acc: 97.4314%(5576/5723)

第 8 折耗时：12.5706s
test_acc:97.4314%
test_loss:0.1064

************************* 第 9 折 *************************
(34933, 2)
加载数据中...
31440it [00:00, 156671.23it/s]
3493it [00:00, 289929.23it/s]
5723it [00:00, 271535.41it/s]
defaultdict(<bound method Vocab._default_unk_index of <torchtext.vocab.Vocab object at 0x0000012BA0B98108>>, {'<unk>': 0, '<pad>': 1, 'SDFFSRX1': 2, 'INVX1': 3, 'AOI22X1': 4, 'NOR2X1': 5, 'NAND4X1': 6, 'AND2X1': 7, 'NAND2X1': 8, 'OAI21X1': 9, 'AOI21X1': 10, 'XOR2X1': 11, 'NAND3X1': 12, 'OR4X1': 13, 'MX2X1': 14, 'OR2X1': 15, 'BUFX1': 16})
加载的词向量: tensor([[ 0.0000,  0.0000,  0.0000,  ...,  0.0000,  0.0000,  0.0000],
        [ 0.0000,  0.0000,  0.0000,  ...,  0.0000,  0.0000,  0.0000],
        [-0.2086,  0.2744,  0.2504,  ...,  0.0760,  0.4930,  0.0213],
        ...,
        [-0.4939,  0.7730,  0.4277,  ..., -0.1256,  0.0628,  0.1241],
        [ 0.0499, -0.2301, -0.1068,  ..., -0.0172,  0.1143, -0.0607],
        [ 0.0869, -0.9042, -0.0584,  ...,  0.2504,  0.1723,  0.0076]]) torch.Size([17, 100])
数据处理完成
************************* Epoch: 1 *************************

Evaluation - loss: 0.102807  acc: 96.9654%(3387/3493)

Saving best model, acc: 96.9654%

第 1 个epoch耗时：1.1950s
************************* Epoch: 2 *************************

Evaluation - loss: 0.071183  acc: 97.1944%(3395/3493)

Saving best model, acc: 97.1944%

第 2 个epoch耗时：1.2020s
************************* Epoch: 3 *************************

Evaluation - loss: 0.066272  acc: 97.9674%(3422/3493)

Saving best model, acc: 97.9674%

第 3 个epoch耗时：1.2030s
************************* Epoch: 4 *************************

Evaluation - loss: 0.053590  acc: 98.2537%(3432/3493)

Saving best model, acc: 98.2537%

第 4 个epoch耗时：1.2070s
************************* Epoch: 5 *************************

Evaluation - loss: 0.051705  acc: 98.3682%(3436/3493)

Saving best model, acc: 98.3682%

第 5 个epoch耗时：1.1970s
************************* Epoch: 6 *************************

Evaluation - loss: 0.049384  acc: 98.3109%(3434/3493)

第 6 个epoch耗时：1.1889s
************************* Epoch: 7 *************************

Evaluation - loss: 0.051164  acc: 98.2823%(3433/3493)

第 7 个epoch耗时：1.1950s
************************* Epoch: 8 *************************

Evaluation - loss: 0.051865  acc: 98.3682%(3436/3493)

第 8 个epoch耗时：1.1930s
************************* Epoch: 9 *************************

Evaluation - loss: 0.046932  acc: 98.3968%(3437/3493)

Saving best model, acc: 98.3968%

第 9 个epoch耗时：1.2130s
************************* Epoch: 10 *************************

Evaluation - loss: 0.051511  acc: 98.2823%(3433/3493)

第 10 个epoch耗时：1.2010s

test - loss: 0.103709  acc: 97.4314%(5576/5723)

第 9 折耗时：12.4472s
test_acc:97.4314%
test_loss:0.1037

************************* 第 10 折 *************************
(34933, 2)
加载数据中...
31437it [00:00, 164910.09it/s]
3496it [00:00, 232282.33it/s]
5723it [00:00, 259194.49it/s]
defaultdict(<bound method Vocab._default_unk_index of <torchtext.vocab.Vocab object at 0x0000012C80349FC8>>, {'<unk>': 0, '<pad>': 1, 'SDFFSRX1': 2, 'INVX1': 3, 'AOI22X1': 4, 'NOR2X1': 5, 'NAND4X1': 6, 'AND2X1': 7, 'OAI21X1': 8, 'NAND2X1': 9, 'AOI21X1': 10, 'XOR2X1': 11, 'NAND3X1': 12, 'OR4X1': 13, 'MX2X1': 14, 'OR2X1': 15, 'BUFX1': 16})
加载的词向量: tensor([[ 0.0000,  0.0000,  0.0000,  ...,  0.0000,  0.0000,  0.0000],
        [ 0.0000,  0.0000,  0.0000,  ...,  0.0000,  0.0000,  0.0000],
        [-0.2086,  0.2744,  0.2504,  ...,  0.0760,  0.4930,  0.0213],
        ...,
        [-0.4939,  0.7730,  0.4277,  ..., -0.1256,  0.0628,  0.1241],
        [ 0.0499, -0.2301, -0.1068,  ..., -0.0172,  0.1143, -0.0607],
        [ 0.0869, -0.9042, -0.0584,  ...,  0.2504,  0.1723,  0.0076]]) torch.Size([17, 100])
数据处理完成
************************* Epoch: 1 *************************

Evaluation - loss: 0.104000  acc: 95.2517%(3330/3496)

Saving best model, acc: 95.2517%

第 1 个epoch耗时：1.2080s
************************* Epoch: 2 *************************

Evaluation - loss: 0.079600  acc: 96.8822%(3387/3496)

Saving best model, acc: 96.8822%

第 2 个epoch耗时：1.2090s
************************* Epoch: 3 *************************

Evaluation - loss: 0.059091  acc: 97.5973%(3412/3496)

Saving best model, acc: 97.5973%

第 3 个epoch耗时：1.1990s
************************* Epoch: 4 *************************

Evaluation - loss: 0.057101  acc: 97.8261%(3420/3496)

Saving best model, acc: 97.8261%

第 4 个epoch耗时：1.1980s
************************* Epoch: 5 *************************

Evaluation - loss: 0.054765  acc: 97.6545%(3414/3496)

第 5 个epoch耗时：1.1899s
************************* Epoch: 6 *************************

Evaluation - loss: 0.060637  acc: 97.4542%(3407/3496)

第 6 个epoch耗时：1.2000s
************************* Epoch: 7 *************************

Evaluation - loss: 0.053937  acc: 97.6545%(3414/3496)

第 7 个epoch耗时：1.2100s
************************* Epoch: 8 *************************

Evaluation - loss: 0.053125  acc: 97.9405%(3424/3496)

Saving best model, acc: 97.9405%

第 8 个epoch耗时：1.2100s
************************* Epoch: 9 *************************

Evaluation - loss: 0.047259  acc: 98.0549%(3428/3496)

Saving best model, acc: 98.0549%

第 9 个epoch耗时：1.2732s
************************* Epoch: 10 *************************

Evaluation - loss: 0.044882  acc: 98.3410%(3438/3496)

Saving best model, acc: 98.3410%

第 10 个epoch耗时：1.5963s

test - loss: 0.101066  acc: 97.5188%(5581/5723)

第 10 折耗时：12.9368s
test_acc:97.5188%
test_loss:0.1011


 ########## 最终k折交叉验证结果 ##########
average test accuracy:97.5520%
average test loss:0.0997